400220076
220210031
400221449
400222658
300206027
301102018
310111001
400277733
400278934
400489550
400578960
400578961
400828541
400828543
400899980
401161349
401267176
401267305
401267314
401267320
401267326
401267331
401267327
401267339
401267343
401267345
401267354
401267359
401267357
401267364
401267375
401267385
401267400
401267395
401267415
401267424
401267423
401267438
401267588
401267595
401267616
401267618
401267621
401267633
401267683
401267699
401307611
401360239
401360254
401360276
401360278
401360277
401360282
401360288
401360296
401360310
401360340
401360347
401468924
401585204
401705090
401705104
401705103
401705098
401705183
22500058
22500059
22500057
22500062
22500068
22500060
22500061
22500063
22500066
22500065
22500067
22500064
22500077
22500074
22500076
22500075
22500071
22500069
22500078
22500070
22500072
22500073
22500079
22500299
22500298
22500295
22500293
22500300
22500297
22500296
22500294
22500308
22500301
22500302
22500306
22500304
22500303
22500305
22500307
22500313
22500309
22500315
22500311
22500316
22500310
22500314
22500317
22500312
22500323
22500319
22500321
22500320
22500322
22500318
22500324
22500329
22500331
22500332
22500330
22500328
22500326
22500327
22500325
22500335
22500336
22500333
22500334
22500337
22500343
22500345
22500339
22500349
22500342
22500347
22500344
22500341
22500348
22500338
22500340
22500346
22500353
22500355
22500356
22500354
22500351
22500350
22500352
22500359
22500361
22500360
22500363
22500362
22500357
22500358
22500364
22500365
22500366
22501202
22501201